name: py2tf
channels:
  - defaults
dependencies:
  - _tflow_select=2.3.0=mkl
  - absl-py=0.7.1=py27_0
  - astor=0.7.1=py27_0
  - backports=1.0=py27_1
  - backports.functools_lru_cache=1.5=py27_1
  - backports.weakref=1.0rc1=py27_0
  - backports_abc=0.5=py_0
  - blas=1.0=mkl
  - bleach=1.5.0=py27_0
  - c-ares=1.15.0=h7b6447c_1
  - ca-certificates=2019.5.15=0
  - certifi=2019.3.9=py27_0
  - cloudpickle=1.1.1=py_0
  - cudatoolkit=8.0=3
  - cudnn=6.0.21=cuda8.0_0
  - cupti=8.0.61=0
  - cycler=0.10.0=py27_0
  - cython=0.29.10=py27he6710b0_0
  - cytoolz=0.9.0.1=py27h14c3975_1
  - dask-core=1.2.2=py_0
  - dbus=1.13.6=h746ee38_0
  - decorator=4.4.0=py27_1
  - enum34=1.1.6=py27_1
  - expat=2.2.6=he6710b0_0
  - fontconfig=2.13.0=h9420a91_0
  - freetype=2.9.1=h8a8886c_1
  - funcsigs=1.0.2=py27_0
  - functools32=3.2.3.2=py27_1
  - futures=3.2.0=py27_0
  - gast=0.2.2=py27_0
  - glib=2.56.2=hd408876_0
  - grpcio=1.16.1=py27hf8bcb03_1
  - gst-plugins-base=1.14.0=hbbd80ab_1
  - gstreamer=1.14.0=hb453b48_1
  - h5py=2.9.0=py27h7918eee_0
  - hdf5=1.10.4=hb1b8bf9_0
  - html5lib=0.9999999=py27_0
  - icu=58.2=h9c2bf20_1
  - imageio=2.5.0=py27_0
  - intel-openmp=2019.4=243
  - jpeg=9b=h024ee3a_2
  - keras-applications=1.0.7=py_0
  - keras-preprocessing=1.0.9=py_0
  - kiwisolver=1.1.0=py27he6710b0_0
  - libedit=3.1.20181209=hc058e9b_0
  - libffi=3.2.1=hd88cf55_4
  - libgcc-ng=8.2.0=hdf63c60_1
  - libgfortran-ng=7.3.0=hdf63c60_0
  - libpng=1.6.37=hbc83047_0
  - libprotobuf=3.7.1=hd408876_0
  - libstdcxx-ng=8.2.0=hdf63c60_1
  - libtiff=4.0.10=h2733197_2
  - libuuid=1.0.3=h1bed415_2
  - libxcb=1.13=h1bed415_1
  - libxml2=2.9.9=he19cac6_0
  - linecache2=1.0.0=py27_0
  - markdown=3.1=py27_0
  - matplotlib=2.2.3=py27hb69df0a_0
  - mkl=2018.0.3=1
  - mkl_fft=1.0.6=py27h7dd41cf_0
  - mkl_random=1.0.1=py27h4414c95_1
  - mock=3.0.5=py27_0
  - ncurses=6.1=he6710b0_1
  - networkx=2.2=py27_1
  - numpy=1.12.1=py27h9378851_1
  - numpy-base=1.15.0=py27h1793315_0
  - olefile=0.46=py27_0
  - openssl=1.1.1c=h7b6447c_1
  - pcre=8.43=he6710b0_0
  - pillow=6.0.0=py27h34e0f95_0
  - pip=19.1.1=py27_0
  - protobuf=3.7.1=py27he6710b0_0
  - pyparsing=2.4.0=py_0
  - pyqt=5.9.2=py27h05f1152_2
  - python=2.7.16=h9bab390_0
  - python-dateutil=2.8.0=py27_0
  - pytz=2019.1=py_0
  - pywavelets=1.0.3=py27hdd07704_1
  - qt=5.9.7=h5867ecd_1
  - readline=7.0=h7b6447c_5
  - scikit-image=0.14.2=py27he6710b0_0
  - scipy=1.1.0=py27hd20e5f9_0
  - setuptools=41.0.1=py27_0
  - singledispatch=3.4.0.3=py27_0
  - sip=4.19.8=py27hf484d3e_0
  - six=1.12.0=py27_0
  - sqlite=3.28.0=h7b6447c_0
  - subprocess32=3.5.4=py27h7b6447c_0
  - tensorboard=1.9.0=py27hf484d3e_0
  - tensorflow=1.3.0=0
  - tensorflow-base=1.3.0=py27h0dbb4d0_1
  - termcolor=1.1.0=py27_1
  - tk=8.6.8=hbc83047_0
  - toolz=0.9.0=py27_0
  - tornado=5.1.1=py27h7b6447c_0
  - traceback2=1.4.0=py27_0
  - unittest2=1.1.0=py27_0
  - werkzeug=0.15.4=py_0
  - wheel=0.33.4=py27_0
  - xz=5.2.4=h14c3975_4
  - zlib=1.2.11=h7b6447c_3
  - zstd=1.3.7=h0b5b093_0
  - pip:
    - opencv-python==4.1.0.25
    - tensorflow-gpu==1.3.0
    - tensorflow-tensorboard==0.1.8
    - tflearn==0.3.2

